0 8
0 11
0 15
1 2
1 5
1 8
1 9
1 13
1 37
2 3
2 6
2 11
2 14
2 18
2 19
2 79
3 7
3 10
3 34
3 83
4 8
4 10
4 14
4 17
4 19
4 45
5 8
5 15
5 17
5 27
5 66
6 9
6 11
6 12
6 14
6 17
6 18
6 20
6 38
7 11
7 12
7 15
7 17
7 95
8 12
8 13
8 15
8 16
8 17
8 65
8 90
9 10
9 13
10 16
10 18
10 95
11 17
12 18
12 21
12 80
13 17
13 19
14 52
15 99
16 18
16 90
16 98
17 19
18 38
18 59
18 79
19 22
19 52
20 23
20 24
20 25
20 28
20 31
20 32
20 38
21 26
21 27
21 36
21 38
21 39
21 48
21 66
22 24
22 25
22 36
22 39
22 42
22 93
23 31
23 34
23 35
23 86
23 92
24 25
24 27
24 28
24 29
24 36
24 37
24 85
25 26
25 28
25 37
25 44
26 29
26 38
26 49
26 55
27 30
27 32
27 37
27 38
27 68
28 32
28 33
28 36
29 37
29 91
30 31
30 39
32 33
32 37
32 39
32 54
32 85
33 34
33 77
33 92
34 39
36 38
36 39
36 55
37 39
37 54
38 39
40 41
40 42
40 49
40 54
41 44
41 47
41 50
41 53
41 54
41 57
42 44
42 48
42 53
42 57
43 45
43 48
43 55
43 56
43 58
43 82
44 48
44 49
44 50
44 53
45 48
45 49
45 52
45 53
45 56
45 58
45 76
46 47
46 56
47 48
47 50
47 58
48 50
48 51
48 52
48 53
48 54
48 55
48 59
48 70
49 51
49 55
49 56
49 57
49 58
49 59
51 56
52 53
52 55
52 59
52 88
53 56
53 59
54 56
54 59
55 56
55 57
55 59
56 58
57 91
58 68
58 95
60 63
60 66
60 68
60 70
60 72
60 73
60 74
60 76
60 78
61 63
61 65
61 67
61 74
61 76
62 63
62 65
62 67
62 70
62 73
62 81
62 87
62 94
63 67
63 68
63 75
63 77
64 67
64 71
64 74
64 75
64 76
64 77
65 67
65 71
65 73
65 74
65 75
65 79
66 74
66 78
67 72
67 73
67 74
67 75
67 77
68 72
68 75
68 77
68 78
69 71
69 73
70 71
70 74
70 76
70 77
70 84
71 73
71 75
71 79
72 75
72 77
73 76
73 77
74 77
74 78
75 78
75 91
77 79
78 79
80 84
80 95
80 97
80 98
81 87
81 88
81 92
81 93
81 95
81 98
82 85
82 87
82 88
82 89
82 90
82 91
82 92
83 86
83 88
83 91
84 87
84 89
84 91
84 95
84 99
85 87
85 88
85 90
86 89
86 91
86 97
87 94
87 95
88 91
89 91
89 92
89 94
90 92
90 96
90 98
90 99
91 96
91 98
92 93
92 94
92 99
93 97
94 96
94 97
95 96
